979.000000 37.000000
959.000000 35.000000
960.000000 36.000000
960.000000 36.000000
960.000000 37.000000
960.000000 36.000000
960.000000 35.000000
960.000000 34.000000
961.000000 33.000000
961.000000 33.000000
962.000000 33.000000
962.000000 33.000000
962.000000 33.000000
962.000000 35.000000
963.000000 32.000000
963.000000 32.000000
963.000000 32.000000
963.000000 32.000000
963.000000 30.000000
963.000000 31.000000
964.000000 29.000000
964.000000 29.000000
965.000000 29.000000
966.000000 29.000000
967.000000 28.000000
967.000000 28.000000
967.000000 27.000000
967.000000 29.000000
968.000000 29.000000
969.000000 29.000000
969.000000 29.000000
969.000000 29.000000
971.000000 27.000000
972.000000 27.000000
973.000000 27.000000
974.000000 25.000000
975.000000 24.000000
976.000000 23.000000
977.000000 22.000000
978.000000 22.000000
979.000000 22.000000
980.000000 22.000000
981.000000 21.000000
982.000000 21.000000
983.000000 21.000000
983.000000 21.000000
984.000000 20.000000
984.000000 21.000000
984.000000 21.000000
985.000000 21.000000
984.000000 21.000000
984.000000 22.000000
984.000000 27.000000
984.000000 27.000000
985.000000 28.000000
984.000000 28.000000
985.000000 26.000000
986.000000 25.000000
987.000000 25.000000
987.000000 27.000000
988.000000 27.000000
989.000000 26.000000
988.000000 25.000000
988.000000 23.000000
988.000000 22.000000
986.000000 23.000000
986.000000 22.000000
986.000000 22.000000
986.000000 22.000000
986.000000 26.000000
986.000000 28.000000
987.000000 23.000000
988.000000 24.000000
