127.453186 30.330971
127.452026 30.510967
127.346863 30.600445
127.188721 30.734493
126.977081 30.912937
126.870911 31.002018
126.816528 31.136600
126.656555 31.270012
126.548828 31.403893
126.441650 31.492630
126.334198 31.581291
126.223694 31.805050
125.955322 31.935936
125.796021 31.933056
125.794830 31.978119
125.681152 32.246532
125.359955 32.284870
125.361389 32.239799
125.410522 32.376232
125.297974 32.554165
125.243011 32.598022
125.240051 32.688194
125.237091 32.778381
125.235596 32.823471
125.284882 32.959991
125.226624 33.094055
125.225159 33.139156
125.329987 33.231827
125.433685 33.369526
125.375397 33.503685
125.373962 33.548794
125.648499 33.419086
125.648499 33.419086
125.746826 33.782116
125.854248 33.829227
126.070465 33.878044
126.285095 34.016720
126.390503 34.198765
126.553406 34.245964
126.769135 34.428944
126.985809 34.611534
126.981873 34.927532
127.364166 35.336437
127.137085 35.876785
127.637848 36.014690
127.636627 36.285507
127.748047 36.466312
127.915833 37.008053
127.915466 37.368958
128.029022 37.504288
128.884827 37.771778
128.828735 37.862358
128.886353 37.907059
129.293030 38.309307
128.953888 38.762924
129.484985 39.343353
129.709778 38.980305
129.950562 39.337151
130.135071 39.694359
130.254639 39.782333
130.315887 39.871254
122.410645 26.067432
122.512543 26.027843
122.595551 26.300049
122.335693 26.465973
121.990173 26.403122
122.285889 26.463432
122.013000 26.807129
121.872284 26.665184
121.909973 26.846325
121.709991 26.835239
121.503540 26.913017
121.493744 27.046852
